0,0,0,0,0,0,0,0,0,0,0,0,0,0,0,0,0,0,0,0,0,0,0,0,0,0,0,0,0,0,0,17
0,0,0,0,0,0,0,0,0,0,0,0,0,0,0,0,0,0,0,0,0,0,0,0,0,0,0,0,0,0,0,17
0,0,0,0,0,0,0,0,0,0,0,0,0,0,0,0,0,0,0,0,0,0,0,0,0,0,0,0,0,16,0,17
17,18,16,18,0,0,0,0,0,0,0,0,0,0,0,0,0,0,0,0,0,0,0,0,0,0,0,0,17,0,0,17
0,0,0,0,0,0,0,0,0,0,0,0,0,0,0,0,0,0,0,0,0,0,0,0,0,0,16,0,0,0,0,17
0,0,0,0,0,0,0,0,0,0,0,0,0,0,0,0,0,0,0,0,0,0,0,18,0,0,0,0,0,0,0,17
0,0,0,0,0,0,0,0,0,0,0,0,0,0,0,63,63,0,0,17,0,0,0,0,0,0,0,0,0,0,0,17
0,0,0,0,0,0,0,0,0,0,0,0,0,0,0,0,0,0,0,0,0,0,0,0,0,0,0,0,0,0,0,0
0,0,0,0,0,0,0,0,0,0,0,0,0,16,17,18,16,0,0,0,0,0,0,0,0,0,0,0,0,0,0,16
0,0,0,0,0,0,0,0,0,0,0,0,0,17,16,16,16,0,0,0,0,0,0,0,0,0,0,0,0,0,0,16
0,0,0,0,0,0,0,0,0,0,0,0,0,18,18,17,17,0,0,0,0,0,0,0,0,0,0,0,0,0,0,16
72,0,0,0,0,17,17,0,0,0,0,0,0,16,16,16,18,0,0,0,0,0,0,0,0,0,0,0,0,0,0,18
0,0,0,0,17,18,17,0,0,0,0,0,0,18,18,18,18,0,0,0,0,0,0,0,0,0,0,0,0,0,0,18
0,0,0,0,0,17,0,0,0,0,0,0,0,16,17,18,17,0,0,0,0,0,0,0,0,0,0,0,0,0,0,16
0,0,0,0,0,0,0,0,0,0,0,0,0,17,17,18,16,0,0,0,0,0,0,0,0,0,0,0,0,0,0,18
0,0,0,0,0,0,0,0,0,0,0,0,0,18,17,18,16,0,0,0,0,0,0,0,0,0,0,0,0,0,0,16
teleportit
0:11:14:1
